3 10 20 30
2 1 2
2 2 1
8 123 125 82 512 912 2 5125 59
8 123 125 82 512 912 2 5125 59
8 123 125 82 512 912 2 5125 59
8 123 125 82 512 912 2 5125 59
8 123 125 82 512 912 2 5125 59
8 123 125 82 512 912 2 5125 59
8 123 125 82 512 912 2 5125 59
8 123 125 82 512 912 2 5125 59
8 123 125 82 512 912 2 5125 59
8 123 125 82 512 912 2 5125 59
8 123 125 82 512 912 2 5125 59
8 123 125 82 512 912 2 5125 59
8 123 125 82 512 912 2 5125 59
8 123 125 82 512 912 2 5125 59
8 123 125 82 512 912 2 5125 59
8 123 125 82 512 912 2 5125 59
8 123 125 82 512 912 2 5125 59
8 123 125 82 512 912 2 5125 59
8 123 125 82 512 912 2 5125 59
8 123 125 82 512 912 2 5125 59
8 123 125 82 512 912 2 5125 59
8 123 125 82 512 912 2 5125 59
8 123 125 82 512 912 2 5125 59
8 123 125 82 512 912 2 5125 59
8 123 125 82 512 912 2 5125 59
8 123 125 82 512 912 2 5125 59
8 123 125 82 512 912 2 5125 59
8 123 125 82 512 912 2 5125 59
8 123 125 82 512 912 2 5125 59
8 123 125 82 512 912 2 5125 59
8 123 125 82 512 912 2 5125 59
8 123 125 82 512 912 2 5125 59
8 123 125 82 512 912 2 5125 59
8 123 125 82 512 912 2 5125 59
8 123 125 82 512 912 2 5125 59
8 123 125 82 512 912 2 5125 59
8 123 125 82 512 912 2 5125 59
8 123 125 82 512 912 2 5125 59
8 123 125 82 512 912 2 5125 59
8 123 125 82 512 912 2 5125 59
8 123 125 82 512 912 2 5125 59
8 123 125 82 512 912 2 5125 59
8 123 125 82 512 912 2 5125 59
8 123 125 82 512 912 2 5125 59
0
